58
198
238
63
276
151
179
249
195
250
193
372
165
247
81
146
466
113
251
121
84
30
438
110
94
61
166
126
127
198
166
99
143
160
136
137
112
114
107
73
82
112
221
141
158
59
102
183
121
108
113
146
144
136
227
143
192
141
189
193
83
98
157
204
199
54
72
125
147
210
419
239
444
260
79
296
180
274
90
118
175
87
543
175
435
210
313
327
155
156
142
156
165
115
80
72
106
119
45
78
178
86
93
147
113
129
113
205
91
214
77
106
136
93
91
231
137
81
142
190
81
299
124
121
77
115
237
62
86
171
151
104
234
99
158
231
198
91
142
76
113
134
328
123
86
325
77
117
125
199
52
114
231
164
162
132
85
306
229
31
129
110
181
211
52
165
83
309
219
75
61
69
71
45
89
147
157
245
58
118
60
136
151
160
156
134
68
166
72
149
169
392
141
141
383
301
176
294
173
107
121
477
121
103
161
165
198
230
173
250
86
76
306
58
110
117
248
189
100
157
304
284
294
234
69
101
275
339
268
110
143
225
160
253
333
451
523
288
267
119
85
171
194
419
90
85
111
164
105
291
144
479
55
102
63
87
201
296
392
110
104
144
78
104
327
93
87
178
295
209
140
229
388
71
185
128
174
157
303
214
359
271
125
245
54
367
153
84
90
192
161
179
356
290
289
414
288
125
233
220
241
102
77
196
131
80
182
130
309
459
106
72
466
32
32
32
32
32
32
32
32
32
32
32
32
32
32
32
32
32
32
32
32
32
32
32
32
32
32
32
32
32
32
32
32
32
32
32
32
32
32
32
32
32
32
32
32
32
32
32
32
32
32
32
32
32
32
32
32
32
32
32
32
32
32
32
32
32
32
32
32
32
32
32
32
32
32
32
32
32
32
32
32
32
32
32
32
32
32
128
128
128
128
128
32
32
32
32
32
32
32
32
32
32
32
32
64
64
64
64
64
64
64
64
64
64
32
32
32
32
32
32
32
32
32
32
32
32
32
32
32
32
32
32
32
32
32
32
32
32
32
32
32
32
32
32
32
32
32
32
32
32
32
32
32
32
32
32
32
32
32
32
32
32
32
32
32
32
32
32
32
32
32
32
32
32
32
32
32
32
32
32
32
32
32
32
32
32
32
32
64
64
64
64
64
64
64
64
64
64
64
64
64
64
64
64
64
64
64
64
64
64
64
64
64
64
64
64
64
64
64
64
48
48
48
48
